255 255 255 255 255 255 255 255 255 255 255 255 255 255 255 255
255 255 255 255 255 255 255 255 255 255 255 255 255 255 255 255
255 255 255 255 255 255 255 255 255 255 255 255 255 255 255 255
255 255 255   0   0   0   0   0   0   0   0   0   0 255 255 255
255 255 255   0   0   0   0 255 255 255 255 255   0 255 255 255
255 255 255   0   0   0   0 255 255 255 255 255   0 255 255 255
255 255 255   0   0   0   0 255 255 255 255 255   0 255 255 255
255 255 255   0 255 255 255 255 255   0   0   0   0 255 255 255
255 255 255   0 255 255 255 255 255   0   0   0   0 255 255 255
255 255 255   0   0   0   0 255 255 255 255 255   0 255 255 255
255 255 255   0   0   0   0 255 255 255 255 255   0 255 255 255
255 255 255   0   0   0   0 255 255 255 255 255   0 255 255 255
255 255 255   0   0   0   0   0   0   0   0   0   0 255 255 255
255 255 255 255 255 255 255 255 255 255 255 255 255 255 255 255
255 255 255 255 255 255 255 255 255 255 255 255 255 255 255 255
255 255 255 255 255 255 255 255 255 255 255 255 255 255 255 255
255 255 255 255 255 255 255 255 255 255 255 255 255 255 255 255
255 255 255 255 255 255 255 255 255 255 255 255 255 255 255 255
255 255 255 255 255 255 255 255 255 255 255 255 255 255 255 255
255 255 255   0   0   0   0   0   0   0   0   0   0 255 255 255
255 255 255   0   0   0   0 255 255 255 255 255   0 255 255 255
255 255 255   0   0   0   0 255 255 255 255 255   0 255 255 255
255 255 255   0   0   0   0 255 255 255 255 255   0 255 255 255
255 255 255   0 255 255 255 255 255   0   0   0   0 255 255 255
255 255 255   0 255 255 255 255 255   0   0   0   0 255 255 255
255 255 255   0   0   0   0 255 255 255 255 255   0 255 255 255
255 255 255   0   0   0   0 255 255 255 255 255   0 255 255 255
255 255 255   0   0   0   0 255 255 255 255 255   0 255 255 255
255 255 255   0   0   0   0   0   0   0   0   0   0 255 255 255
255 255 255 255 255 255 255 255 255 255 255 255 255 255 255 255
255 255 255 255 255 255 255 255 255 255 255 255 255 255 255 255
255 255 255 255 255 255 255 255 255 255 255 255 255 255 255 255
255 255 255 255 255 255 255 255 255 255 255 255 255 255 255 255
255 255 255 255 255 255 255 255 255 255 255 255 255 255 255 255
255 255 255 255 255 255 255 255 255 255 255 255 255 255 255 255
255 255 255   0   0   0   0   0   0   0   0   0   0 255 255 255
255 255 255   0   0   0   0 255 255 255 255 255   0 255 255 255
255 255 255   0   0   0   0 255 255 255 255 255   0 255 255 255
255 255 255   0   0   0   0 255 255 255 255 255   0 255 255 255
255 255 255   0 255 255 255 255 255   0   0   0   0 255 255 255
255 255 255   0 255 255 255 255 255   0   0   0   0 255 255 255
255 255 255   0   0   0   0 255 255 255 255 255   0 255 255 255
255 255 255   0   0   0   0 255 255 255 255 255   0 255 255 255
255 255 255   0   0   0   0 255 255 255 255 255   0 255 255 255
255 255 255   0   0   0   0   0   0   0   0   0   0 255 255 255
255 255 255 255 255 255 255 255 255 255 255 255 255 255 255 255
255 255 255 255 255 255 255 255 255 255 255 255 255 255 255 255
255 255 255 255 255 255 255 255 255 255 255 255 255 255 255 255

255 255 255 255 255 255 255 255 255 255 255 255 255 255 255 255
255 214 153 153 153 153 153 153 153 153 153 153 153 153 214 255
255 153 147 193 193 193 193 193 193 193 193 193 193 147 153 255
255 153 193  73  35  35  35  35  35  35  35  35  65 193 153 255
255 153 193  45 178 213 153   0   0 153 213 178  35 193 153 255
255 153 193  45 213 255 183   0   0 183 255 213  35 193 153 255
255 153 193  45 213 255 203  71  71 203 255 213  35 193 153 255
255 153 193  45 213 255 255 255 255 255 255 213  35 193 153 255
255 153 193  45 213 255 255 255 255 255 255 213  35 193 153 255
255 153 193  45  59  71 122 255 255 122  71  59  35 193 153 255
255 153 193  45   0   0  71 255 255  71   0   0  35 193 153 255
255 153 193  45   0   0  59 213 213  59   0   0  35 193 153 255
255 153 193  82  45  45  45  45  45  45  45  45  73 193 153 255
255 153 147 193 193 193 193 193 193 193 193 193 193 147 153 255
255 214 153 153 153 153 153 153 153 153 153 153 153 153 214 255
255 255 255 255 255 255 255 255 255 255 255 255 255 255 255 255
255 255 255 255 255 255 255 255 255 255 255 255 255 255 255 255
255 214 153 153 153 153 153 153 153 153 153 153 153 153 214 255
255 153 147 193 193 193 193 193 193 193 193 193 193 147 153 255
255 153 193  73  35  35  35  35  35  35  35  35  65 193 153 255
255 153 193  45 178 213 153   0   0 153 213 178  35 193 153 255
255 153 193  45 213 255 183   0   0 183 255 213  35 193 153 255
255 153 193  45 213 255 203  71  71 203 255 213  35 193 153 255
255 153 193  45 213 255 255 255 255 255 255 213  35 193 153 255
255 153 193  45 213 255 255 255 255 255 255 213  35 193 153 255
255 153 193  45  59  71 122 255 255 122  71  59  35 193 153 255
255 153 193  45   0   0  71 255 255  71   0   0  35 193 153 255
255 153 193  45   0   0  59 213 213  59   0   0  35 193 153 255
255 153 193  82  45  45  45  45  45  45  45  45  73 193 153 255
255 153 147 193 193 193 193 193 193 193 193 193 193 147 153 255
255 214 153 153 153 153 153 153 153 153 153 153 153 153 214 255
255 255 255 255 255 255 255 255 255 255 255 255 255 255 255 255
255 255 255 255 255 255 255 255 255 255 255 255 255 255 255 255
255 214 153 153 153 153 153 153 153 153 153 153 153 153 214 255
255 153 147 193 193 193 193 193 193 193 193 193 193 147 153 255
255 153 193  73  35  35  35  35  35  35  35  35  65 193 153 255
255 153 193  45 178 213 153   0   0 153 213 178  35 193 153 255
255 153 193  45 213 255 183   0   0 183 255 213  35 193 153 255
255 153 193  45 213 255 203  71  71 203 255 213  35 193 153 255
255 153 193  45 213 255 255 255 255 255 255 213  35 193 153 255
255 153 193  45 213 255 255 255 255 255 255 213  35 193 153 255
255 153 193  45  59  71 122 255 255 122  71  59  35 193 153 255
255 153 193  45   0   0  71 255 255  71   0   0  35 193 153 255
255 153 193  45   0   0  59 213 213  59   0   0  35 193 153 255
255 153 193  82  45  45  45  45  45  45  45  45  73 193 153 255
255 153 147 193 193 193 193 193 193 193 193 193 193 147 153 255
255 214 153 153 153 153 153 153 153 153 153 153 153 153 214 255
255 255 255 255 255 255 255 255 255 255 255 255 255 255 255 255

255 255 255 255 255 255 255 255 255 255 255 255 255 255 255 255
255 214 153 153 153 153 153 153 153 153 153 153 153 153 214 255
255 153 147 193 193 193 193 193 193 193 193 193 193 147 153 255
255 153 193  65  35  35  35  35  35  35  35  35  73 193 153 255
255 153 193  35 178 213 213 213 213  59   0   0  45 193 153 255
255 153 193  35 213 255 255 255 255  71   0   0  45 193 153 255
255 153 193  35 153 183 203 255 255 122  71  59  45 193 153 255
255 153 193  35   0   0  71 255 255 255 255 213  45 193 153 255
255 153 193  35   0   0  71 255 255 255 255 213  45 193 153 255
255 153 193  35 153 183 203 255 255 122  71  59  45 193 153 255
255 153 193  35 213 255 255 255 255  71   0   0  45 193 153 255
255 153 193  35 178 213 213 213 213  59   0   0  45 193 153 255
255 153 193  73  45  45  45  45  45  45  45  45  82 193 153 255
255 153 147 193 193 193 193 193 193 193 193 193 193 147 153 255
255 214 153 153 153 153 153 153 153 153 153 153 153 153 214 255
255 255 255 255 255 255 255 255 255 255 255 255 255 255 255 255
255 255 255 255 255 255 255 255 255 255 255 255 255 255 255 255
255 214 153 153 153 153 153 153 153 153 153 153 153 153 214 255
255 153 147 193 193 193 193 193 193 193 193 193 193 147 153 255
255 153 193  65  35  35  35  35  35  35  35  35  73 193 153 255
255 153 193  35 178 213 213 213 213  59   0   0  45 193 153 255
255 153 193  35 213 255 255 255 255  71   0   0  45 193 153 255
255 153 193  35 153 183 203 255 255 122  71  59  45 193 153 255
255 153 193  35   0   0  71 255 255 255 255 213  45 193 153 255
255 153 193  35   0   0  71 255 255 255 255 213  45 193 153 255
255 153 193  35 153 183 203 255 255 122  71  59  45 193 153 255
255 153 193  35 213 255 255 255 255  71   0   0  45 193 153 255
255 153 193  35 178 213 213 213 213  59   0   0  45 193 153 255
255 153 193  73  45  45  45  45  45  45  45  45  82 193 153 255
255 153 147 193 193 193 193 193 193 193 193 193 193 147 153 255
255 214 153 153 153 153 153 153 153 153 153 153 153 153 214 255
255 255 255 255 255 255 255 255 255 255 255 255 255 255 255 255
255 255 255 255 255 255 255 255 255 255 255 255 255 255 255 255
255 214 153 153 153 153 153 153 153 153 153 153 153 153 214 255
255 153 147 193 193 193 193 193 193 193 193 193 193 147 153 255
255 153 193  65  35  35  35  35  35  35  35  35  73 193 153 255
255 153 193  35 178 213 213 213 213  59   0   0  45 193 153 255
255 153 193  35 213 255 255 255 255  71   0   0  45 193 153 255
255 153 193  35 153 183 203 255 255 122  71  59  45 193 153 255
255 153 193  35   0   0  71 255 255 255 255 213  45 193 153 255
255 153 193  35   0   0  71 255 255 255 255 213  45 193 153 255
255 153 193  35 153 183 203 255 255 122  71  59  45 193 153 255
255 153 193  35 213 255 255 255 255  71   0   0  45 193 153 255
255 153 193  35 178 213 213 213 213  59   0   0  45 193 153 255
255 153 193  73  45  45  45  45  45  45  45  45  82 193 153 255
255 153 147 193 193 193 193 193 193 193 193 193 193 147 153 255
255 214 153 153 153 153 153 153 153 153 153 153 153 153 214 255
255 255 255 255 255 255 255 255 255 255 255 255 255 255 255 255

255 255 255 255 255 255 255 255 255 255 255 255 255 255 255 255
255 214 153 153 153 153 153 153 153 153 153 153 153 153 214 255
255 153 147 193 193 193 193 193 193 193 193 193 193 147 153 255
255 153 193  73  45  45  45  45  45  45  45  45  82 193 153 255
255 153 193  35   0   0  59 213 213  59   0   0  45 193 153 255
255 153 193  35   0   0  71 255 255  71   0   0  45 193 153 255
255 153 193  35  59  71 122 255 255 122  71  59  45 193 153 255
255 153 193  35 213 255 255 255 255 255 255 213  45 193 153 255
255 153 193  35 213 255 255 255 255 255 255 213  45 193 153 255
255 153 193  35 213 255 203  71  71 203 255 213  45 193 153 255
255 153 193  35 213 255 183   0   0 183 255 213  45 193 153 255
255 153 193  35 178 213 153   0   0 153 213 178  45 193 153 255
255 153 193  65  35  35  35  35  35  35  35  35  73 193 153 255
255 153 147 193 193 193 193 193 193 193 193 193 193 147 153 255
255 214 153 153 153 153 153 153 153 153 153 153 153 153 214 255
255 255 255 255 255 255 255 255 255 255 255 255 255 255 255 255
255 255 255 255 255 255 255 255 255 255 255 255 255 255 255 255
255 214 153 153 153 153 153 153 153 153 153 153 153 153 214 255
255 153 147 193 193 193 193 193 193 193 193 193 193 147 153 255
255 153 193  73  45  45  45  45  45  45  45  45  82 193 153 255
255 153 193  35   0   0  59 213 213  59   0   0  45 193 153 255
255 153 193  35   0   0  71 255 255  71   0   0  45 193 153 255
255 153 193  35  59  71 122 255 255 122  71  59  45 193 153 255
255 153 193  35 213 255 255 255 255 255 255 213  45 193 153 255
255 153 193  35 213 255 255 255 255 255 255 213  45 193 153 255
255 153 193  35 213 255 203  71  71 203 255 213  45 193 153 255
255 153 193  35 213 255 183   0   0 183 255 213  45 193 153 255
255 153 193  35 178 213 153   0   0 153 213 178  45 193 153 255
255 153 193  65  35  35  35  35  35  35  35  35  73 193 153 255
255 153 147 193 193 193 193 193 193 193 193 193 193 147 153 255
255 214 153 153 153 153 153 153 153 153 153 153 153 153 214 255
255 255 255 255 255 255 255 255 255 255 255 255 255 255 255 255
255 255 255 255 255 255 255 255 255 255 255 255 255 255 255 255
255 214 153 153 153 153 153 153 153 153 153 153 153 153 214 255
255 153 147 193 193 193 193 193 193 193 193 193 193 147 153 255
255 153 193  73  45  45  45  45  45  45  45  45  82 193 153 255
255 153 193  35   0   0  59 213 213  59   0   0  45 193 153 255
255 153 193  35   0   0  71 255 255  71   0   0  45 193 153 255
255 153 193  35  59  71 122 255 255 122  71  59  45 193 153 255
255 153 193  35 213 255 255 255 255 255 255 213  45 193 153 255
255 153 193  35 213 255 255 255 255 255 255 213  45 193 153 255
255 153 193  35 213 255 203  71  71 203 255 213  45 193 153 255
255 153 193  35 213 255 183   0   0 183 255 213  45 193 153 255
255 153 193  35 178 213 153   0   0 153 213 178  45 193 153 255
255 153 193  65  35  35  35  35  35  35  35  35  73 193 153 255
255 153 147 193 193 193 193 193 193 193 193 193 193 147 153 255
255 214 153 153 153 153 153 153 153 153 153 153 153 153 214 255
255 255 255 255 255 255 255 255 255 255 255 255 255 255 255 255
